#cargo0
5 0
5 1
5 2
5 3
5 4
5 7
5 8
5 9
5 10
5 11
7 1
7 3
7 4
7 7
7 8
7 10
8 1
8 10
10 1
10 10
11 1
11 3
11 4
11 7
11 8
11 10
12 1
12 10
14 1
14 10
15 1
15 3
15 4
15 7
15 8
15 10
16 1
16 10
18 0
18 1
18 2
18 3
18 4
18 7
18 8
18 9
18 10
18 11
#cargo1
5 0
5 1
5 2
5 3
5 4
5 7
5 8
5 9
5 10
5 11
7 1
7 2
7 5
7 6
7 9
7 10
8 1
8 2
8 5
8 6
8 9
8 10
9 1
9 2
9 5
9 6
9 9
9 10
10 1
10 2
10 5
10 6
10 9
10 10
13 1
13 2
13 5
13 6
13 9
13 10
14 1
14 2
14 5
14 6
14 9
14 10
15 1
15 2
15 5
15 6
15 9
15 10
16 1
16 2
16 5
16 6
16 9
16 10
18 0
18 1
18 2
18 3
18 4
18 7
18 8
18 9
18 10
18 11
#cargo2
5 0
5 1
5 2
5 3
5 4
5 7
5 8
5 9
5 10
5 11
7 1
7 2
8 1
8 2
8 8
8 9
8 10
9 1
9 2
10 1
10 2
10 7
10 8
10 10
11 10
12 7
12 8
12 10
13 1
13 2
14 1
14 2
14 7
14 8
14 10
15 1
15 2
15 10
16 1
16 2
16 7
16 8
16 10
18 0
18 1
18 2
18 3
18 4
18 7
18 8
18 9
18 10
18 11
#bedroom0
20 1
20 2
20 9
20 10
22 1
22 2
22 9
22 10
24 1
24 2
24 9
24 10
26 1
26 2
26 9
26 10
28 1
28 2
28 9
28 10
32 0
32 1
32 2
32 3
32 4
32 7
32 8
32 9
32 10
32 11
#bedroom1
19 0
19 3
19 4
19 7
19 8
19 9
20 0
20 3
20 4
20 7
20 8
20 9
21 4
21 7
22 4
22 7
24 0
24 1
24 2
24 3
24 4
24 7
24 8
24 9
24 10
24 11
25 0
25 1
25 2
25 3
25 4
25 7
25 8
25 9
25 10
25 11
27 4
27 7
28 4
28 7
29 0
29 3
29 4
29 7
29 8
29 9
30 0
30 3
30 4
30 7
30 8
30 9
32 0
32 1
32 2
32 3
32 4
32 7
32 8
32 9
32 10
32 11
#bedroom2
19 7
19 10
19 11
20 7
21 1
21 2
21 4
22 4
22 7
22 8
22 9
22 10
22 11
23 1
23 2
23 4
23 7
25 10
25 11
26 10
26 11
27 1
27 2
27 4
27 7
28 4
28 7
28 9
28 10
28 11
29 1
29 2
29 4
30 7
31 7
31 10
31 11
32 0
32 1
32 2
32 3
32 4
32 7
32 8
32 9
32 10
32 11
#bridge0
37 1
37 2
37 3
37 8
37 9
37 10
41 4
41 5
41 6
41 7
#bridge1
33 0
33 11
34 0
34 11
35 0
35 11
38 0
38 11
39 0
39 11
40 0
40 11
43 4
43 5
43 6
43 7
#bridge2
33 2
33 3
33 8
33 9
34 2
34 3
34 8
34 9
35 2
35 3
35 8
35 9
39 3
39 8
40 3
40 8
41 3
41 8
43 5
43 6